5033977.00
6602911.00
4780796.00
4394775.00
7729264.00
6486386.00
7122579.00
8752786.00
10987408.00
12983834.00
5595862.00
4734161.00
3407282.00
4910493.00
3639768.00
8187153.00
9732844.00
3756032.00
4168870.00
4009163.00
4899385.00
1803917.00
3842923.00
7162510.00
3432613.00
2553257.00
3701123.00
3305711.00
3288335.00
4728338.00
5972520.00
3001300.00
2830318.00
3428605.00
3520990.00
3231482.00
3174162.00
4018413.00
2806484.00
2166915.00
2507403.00
4293073.00
4842938.00
3191525.00
3786004.00
3515539.00
3174247.00
3207527.00
3368149.00
3538006.00
2685200.00
2139509.00
3117556.00
2373294.00
2875257.00
2620442.00
3769915.00
2763346.00
3035446.00
4053526.00
3602475.00
4155899.00
4837986.00
3877543.00
3342067.00
2617028.00
3765198.00
3286124.00
3384372.00
3172609.00
3447769.00
2485480.00
3793884.00
4381577.00
3084449.00
3021301.00
2957897.00
5625967.00
3757140.00
2881445.00
3830456.00
3497692.00
5109598.00
4372130.00
4186395.00
3355108.00
4061624.00
3196560.00
4119712.00
2690570.00
3483136.00
2586444.00
4744438.00
3676519.00
2664523.00
4347047.00
3109876.00
2009071.00
4102419.00
3044806.00
3451418.00
3730967.00
3296898.00
4398201.00
2474484.00
2640679.00
3857674.00
3286605.00
2815827.00
3337285.00
3662109.00
3458847.00
6356912.00
3623567.00
3686958.00
3849177.00
4493071.00
3691433.00
4825934.00
4136700.00
4634940.00
2944369.00
3310934.00
3580635.00
4476246.00
3008860.00
5031294.00
3739854.00
3522948.00
3350471.00
3001732.00
4905186.00
4419746.00
3376982.00
4172613.00
3434516.00
4247640.00
3005827.00
4057200.00
4267718.00
2920152.00
6935476.00
3115886.00
3271287.00
2283581.00
4495145.00
2442764.00
3288758.00
2282424.00
2659266.00
3388133.00
3241216.00
3096335.00
4756057.00
3369318.00
4194502.00
5134123.00
3147069.00
2203460.00
3632122.00
3384576.00
4356487.00
3973878.00
3207902.00
3736938.00
2922465.00
3614879.00
3625997.00
3322889.00
3077441.00
3217974.00
3240683.00
2555760.00
33484852.00
26862056.00
17792845.00
18047033.00
13386642.00
7244315.00
6815238.00
7007369.00
3310348.00
3097765.00
5228336.00
3299983.00
4832860.00
2742603.00
2947745.00
2584051.00
3591876.00
3619910.00
4304702.00
3361691.00
4440051.00
3404031.00
3747157.00
4067741.00
4866526.00
5340435.00
3938095.00
69085708.00
39726508.00
102385118.00
56244498.00
38397175.00
20167612.00
26717352.00
18751187.00
24934077.00
10532185.00
26555598.00
22389138.00
25555731.00
11902240.00
11965806.00
10782660.00
8578135.00
4349644.00
8884593.00
5592121.00
5660439.00
6258281.00
5454555.00
3611795.00
7073764.00
6182657.00
3466063.00
4354989.00
5170673.00
4547309.00
3915435.00
4578153.00
4345014.00
5845461.00
6833516.00
6101786.00
7646717.00
6825127.00
6280060.00
6509623.00
5121286.00
6723608.00
4058499.00
5065000.00
6664832.00
7984338.00
5299617.00
8486053.00
17388439.00
9735098.00
7765578.00
11702703.00
11290708.00
6396322.00
5415372.00
4620617.00
6577377.00
5417383.00
7211222.00
4902260.00
3717559.00
5331671.00
5025531.00
7345068.00
5809555.00
4216169.00
3712350.00
4366262.00
5031398.00
13125154.00
13346087.00
8720602.00
4140681.00
4322390.00
4919272.00
4947616.00
4057807.00
2686172.00
2465354.00
2645924.00
3946929.00
2793934.00
6006266.00
3805628.00
16692339.00
5531399.00
8212668.00
9936243.00
7139391.00
4712973.00
4905424.00
5854417.00
18349829.00
13768557.00
9278796.00
8114245.00
8661320.00
10638082.00
6898190.00
7911063.00
7372231.00
6202691.00
6285285.00
4768050.00
3904565.00
4897111.00
5127491.00
4860321.00
25493362.00
37423162.00
27425435.00
21691659.00
28796723.00
43156397.00
97023787.00
168315127.00
349430800.00
657701914.00
762462369.00
809450788.00
1230526676.00
1883577530.00
2879787152.00
4920134520.00
6588870009.00
7233146213.00
6502945895.00
12926371393.00
9972896458.00
16277838753.00
21732246832.00
18148969571.00
12362984190.00
8010716559.00
5971544226.00
5300041976.00
5136837632.00
4521753395.00
3602334061.00
2904495321.00
1633398271.00
926627352.00
651037366.00
292566787.00
123293430.00
119345953.00
99614015.00
129028071.00
86360411.00
58034724.00
57903977.00
41684031.00
32129305.00
18523230.00
16639122.00
16271459.00
11237716.00
11941719.00
10088863.00
10843421.00
5813874.00
10634897.00
8524618.00
9546990.00
6749671.00
6096572.00
4563900.00
7137626.00
10658665.00
7045975.00
4175148.00
3967988.00
3774419.00
5371909.00
3328954.00
5382955.00
5987511.00
4286334.00
3250490.00
2336331.00
3264989.00
2706525.00
4826903.00
5256141.00
4470684.00
5766735.00
3147245.00
4139238.00
3926683.00
3540265.00
3386957.00
3399517.00
4066803.00
3762127.00
2655406.00
4619546.00
3744741.00
8426762.00
5404382.00
16407523.00
26510686.00
53217506.00
95958529.00
101849396.00
1038737993.00
2159154242.00
3280234451.00
2325776621.00
1942754873.00
5426897339.00
6184254000.00
3722312184.00
2928844999.00
1312722372.00
125870709.00
26983355.00
23063549.00
29368786.00
21812090.00
28058047.00
34739649.00
42109368.00
129116416.00
5160488054.00
21622511478.00
10268159126.00
14965855892.00
14720737596.00
15371892229.00
14619086807.00
16671378944.00
13105562734.00
8333795066.00
9454920615.00
5638961397.00
4956327211.00
10583849076.00
1952252798.00
4260053310.00
6452108184.00
5437931907.00
2102191257.00
1446147559.00
893215869.00
1110339107.00
744839796.00
846648575.00
857618130.00
1146430557.00
985469259.00
926312705.00
618493853.00
721935885.00
680038795.00
1057295750.00
1273314733.00
1857478709.00
1658817644.00
1507040066.00
1154367086.00
986386471.00
966000313.00
776913721.00
609918382.00
491798090.00
568140866.00
693792220.00
707435056.00
657856832.00
460997889.00
254769194.00
96211340.00
9266324.00
1312527.00
881643.00
520142.00
780571.00
799522.00
562606.00
729181.00
339523.00
309530.00
289860.00
430498.00
443440.00
330274.00
515624.00
349415.00
260011.00
499498.00
241778.00
278885.00
340669.00
514226.00
286574.00
336184.00
409486.00
356555.00
190565.00
245848.00
349676.00
438763.00
245661.00
358845.00
298363.00
375091.00
245953.00
461511.00
277254.00
431139.00
339148.00
245529.00
375894.00
324939.00
318551.00
318160.00
373765.00
313290.00
1247979.00
11882202.00
70694018.00
271077421.00
611350372.00
969462152.00
1143025852.00
1347133738.00
1885703685.00
1979034487.00
2051924566.00
2006920181.00
901900713.00
481535722.00
365169969.00
241211045.00
452232502.00
80435637.00
7956260.00
8305861.00
8574751.00
13544850.00
9526825.00
9621080.00
5973260.00
5196505.00
9535111.00
13931823.00
160953858.00
152918969.00
355330366.00
2037125601.00
9567598398.00
12878584610.00
11973942604.00
10398319581.00
7152902491.00
3518617673.00
1926840217.00
2539791887.00
3984307942.00
4034825787.00
3479038463.00
2465183688.00
2120306444.00
1950905469.00
1345943563.00
456697986.00
269417248.00
166897927.00
61499579.00
37249512.00
44787418.00
26963280.00
31894583.00
24370725.00
23531892.00
49789459.00
8977070.00
22951661.00
16796421.00
14645056.00
5539823.00
9586710.00
3495711.00
2346311.00
3581496.00
2245528.00
2177771.00
2457321.00
1983966.00
