894254.00
500089.00
491649.00
222028.00
424817.00
774966.00
382896.00
407355.00
509928.00
264910.00
706516.00
435769.00
340512.00
577545.00
424992.00
188826.00
760530.00
772688.00
722213.00
1843515.00
180189.00
561427.00
680010.00
3557956.00
8648294.00
3925921.00
359155.00
4112829.00
2267687.00
2506225.00
3237388.00
1310760.00
1200960.00
1995278.00
890361.00
1379723.00
487156.00
529509.00
2627717.00
1297324.00
803979.00
1198021.00
1207454.00
353610.00
1104388.00
727885.00
549926.00
783972.00
494307.00
249667.00
714351.00
1825204.00
1279848.00
1261882.00
563898.00
749489.00
1363238.00
706964.00
1252841.00
656761.00
1280743.00
946402.00
899178.00
2578714.00
527544.00
492703.00
628574.00
569650.00
1035371.00
630743.00
938556.00
719549.00
839356.00
1034772.00
817040.00
1557343.00
1867162.00
1347138.00
2672217.00
6356119.00
4710335.00
4240241.00
2662746.00
2609439.00
3107974.00
4085017.00
2394503.00
2532686.00
3870087.00
29899023.00
111904211.00
538367012.00
2682320566.00
5583994906.00
26213211557.00
28590918620.00
26946092257.00
29638099940.00
28162509194.00
21321454566.00
10708424511.00
3634941327.00
691907587.00
730783102.00
946842405.00
773082583.00
441713793.00
1937279145.00
5551636909.00
3388066280.00
4078506917.00
1501711621.00
434684733.00
98843805.00
110208076.00
173677071.00
91157046.00
1011755440.00
1609471360.00
1747216512.00
951056329.00
845823340.00
1104824573.00
3002092785.00
4129947193.00
1818220143.00
1219280229.00
213059122.00
269824022.00
474118743.00
469991487.00
368879890.00
92390768.00
1072958037.00
2098220707.00
2356955268.00
3357347908.00
2640562358.00
1242082089.00
190964379.00
224712945.00
228670452.00
1620665887.00
3136489747.00
5341844483.00
4321700863.00
4849819720.00
1785590672.00
330317224.00
93546082.00
132164180.00
1407100434.00
3031724277.00
9406287652.00
11765691254.00
10337148694.00
7379191010.00
4762223264.00
4877832777.00
3100691783.00
2532453164.00
1304710823.00
660248605.00
155688547.00
50866749.00
20302149.00
13442596.00
5588786.00
4633726.00
3410951.00
3034497.00
1013420.00
