14624.00
4036.00
10301.00
17448.00
81670.00
91328.00
37517.00
20205.00
14700.00
3621.00
6956.00
17964.00
5503.00
1918.00
12131.00
150.00
234.00
45790.00
27376.00
20344.00
35667.00
34200.00
14600.00
9251.00
7384.00
16028.00
17198.00
6714.00
3703.00
3956.00
13413.00
21268.00
27723.00
7759.00
6662.00
21804.00
14810.00
5374.00
30902.00
31100.00
4126.00
6629.00
6004.00
5897.00
6584.00
8122.00
7649.00
3152.00
14962.00
26924.00
42562.00
39321.00
19868.00
6794.00
3779.00
8214.00
13965.00
11977.00
16122.00
17706.00
29225.00
12937.00
6409.00
7777.00
14376.00
19222.00
10174.00
1321.00
3092.00
4708.00
13316.00
10755.00
15643.00
8619.00
7538.00
7041.00
3132.00
1986.00
13647.00
16326.00
15527.00
38388.00
26491.00
23310.00
17060.00
1898.00
4455.00
5750.00
16118.00
11361.00
2895.00
2730.00
3048.00
4247.00
3917.00
2206.00
2231.00
1873.00
5724.00
4760.00
8361.00
554810.00
4374234.00
2306668.00
146613.00
1166.00
76980.00
82879.00
2418.00
2422.00
4119.00
9440.00
21637.00
39323.00
23383.00
11801.00
24812.00
30047.00
47591.00
604067.00
886437656.00
40455125193.00
50778792003.00
51179864901.00
53238131907.00
54037635105.00
50676004473.00
54047830138.00
51229888759.00
54679222713.00
54311768863.00
54694519008.00
55212134356.00
55080165014.00
51982658340.00
49604717815.00
49099478015.00
48628015878.00
47652561677.00
49422014988.00
49520400284.00
49588241369.00
54594768814.00
56988546012.00
56346479744.00
52810556936.00
48130638425.00
48905690894.00
46138067772.00
48875026097.00
55389476241.00
53948632315.00
52678837936.00
60086899269.00
60332904824.00
56091702008.00
56787792229.00
53698945057.00
52827542841.00
54511438812.00
51957374818.00
50017998106.00
46946689457.00
41926264912.00
34915403971.00
25622450466.00
18318155370.00
7297970405.00
5078110659.00
3032665825.00
2441299338.00
1287990685.00
635411254.00
150930206.00
17550958.00
19952092.00
10227465.00
1909969.00
578199.00
280077.00
151031.00
100047.00
79309.00
45348.00
45628.00
43393.00
33735.00
43067.00
48236.00
24095.00
19826.00
8602.00
5600.00
5242.00
20231.00
24511.00
113228.00
16268.00
3383.00
46685.00
30655.00
675.00
949.00
1194.00
2595.00
5047.00
5270.00
32312.00
37408.00
31392.00
35382.00
24657.00
30078.00
26282.00
76996.00
53285.00
58624.00
30301.00
29844.00
42674.00
50925.00
57448.00
31579.00
19081.00
11210.00
16995.00
20795.00
57152.00
65561.00
81780.00
72417.00
53066.00
56333.00
56469.00
41177.00
102094.00
309767.00
96944459.00
12567406030.00
27985303088.00
37564935740.00
32763174577.00
32951545548.00
45360357575.00
44242857155.00
49484844008.00
54431435763.00
54034981742.00
51986120347.00
48244836953.00
45348600290.00
48510560643.00
53008904353.00
54980740282.00
54757770419.00
54194077973.00
53681376501.00
54665422162.00
55117169942.00
55958437023.00
56374013558.00
57572424234.00
59693284280.00
56792888515.00
57605878070.00
58672632586.00
58242772562.00
57779100936.00
56606889521.00
57221837095.00
56951061541.00
57270050933.00
58169485325.00
59341109823.00
58679188273.00
56161413540.00
58661927969.00
55670956522.00
56324701479.00
56289369533.00
53049898399.00
52785417877.00
55532831472.00
55471142502.00
52665025177.00
51199174696.00
52984752870.00
50952801421.00
48210865960.00
47145467513.00
46450063177.00
42968710704.00
42691075619.00
37312280376.00
31081544425.00
31372666391.00
24129582154.00
14931894574.00
4576696481.00
3997599475.00
1239958205.00
184472777.00
114244732.00
48073241.00
10947653.00
7439841.00
4747389.00
1734331.00
1487761.00
891935.00
517333.00
353861.00
226916.00
202906.00
153133.00
76165.00
65875.00
46778.00
101425.00
123166.00
98944.00
62243.00
10498.00
21348.00
20256.00
36175.00
40382.00
34461.00
123089.00
161925.00
85924.00
89250.00
58291.00
74395.00
73499.00
100397.00
146803.00
241251.00
238617.00
221898.00
341133.00
198342.00
70990.00
113223.00
99910.00
52032.00
24172.00
3841.00
10549.00
13982.00
3193.00
8481.00
6725.00
9756.00
6575.00
26943.00
16500.00
6659.00
25213.00
25237.00
8819.00
7064.00
1208.00
3378.00
2608.00
1850.00
10706.00
29229.00
8652.00
9321.00
6632.00
54454.00
186125.00
808465657.00
1845492600.00
2854537964.00
4393586010.00
4681376468.00
6975477974.00
8052395082.00
7784090247.00
8018759411.00
7974315736.00
8448976210.00
10007219954.00
8870824758.00
9062465732.00
10404611898.00
10692817084.00
11634726058.00
12536281878.00
15507392325.00
16746129123.00
19133033869.00
18570935071.00
20357799757.00
25895965756.00
26292057211.00
20871423877.00
22576481302.00
22040285051.00
22857594481.00
23993310499.00
29367615474.00
31576616859.00
30872480376.00
31448754877.00
30905446865.00
29948989711.00
30618157403.00
33224150035.00
36268053126.00
37902994828.00
35647535157.00
34737309023.00
37323286964.00
37795479328.00
33057812310.00
35200359553.00
35351522203.00
35592351373.00
34762490238.00
37147808113.00
35785565206.00
38712682747.00
35984896304.00
32973708949.00
30781034632.00
29387604823.00
31819968411.00
32659954146.00
31894641561.00
30929076484.00
27524816909.00
24173907203.00
19407425264.00
15857899387.00
12742764233.00
12877993761.00
9804123044.00
4767832965.00
2227947829.00
1070765924.00
444390639.00
102470924.00
31305198.00
17382003.00
9917525.00
2278642.00
939722.00
427086.00
253745.00
268996.00
318590.00
235379.00
114982.00
63549.00
59414.00
47566.00
134853.00
119143.00
53952.00
36848.00
10291.00
68828.00
73027.00
47283.00
36891.00
14298.00
23234.00
30481.00
76993.00
105878.00
138924.00
72088.00
27999.00
19510.00
33989.00
25277.00
25107.00
18393.00
15869.00
15487.00
14085.00
10323.00
7336.00
1645.00
8656.00
10483.00
13779.00
16793.00
29740.00
26992.00
12583.00
19840.00
13244.00
1697.00
3501.00
2674.00
1294.00
2012.00
83015.00
822277.00
1039753486.00
5918266938.00
7706027044.00
10396411432.00
15192759491.00
14564784337.00
18376174194.00
22524970305.00
22620072738.00
23951174711.00
21288522091.00
19293048419.00
19041321885.00
20163529723.00
20326038127.00
20802529499.00
21174546524.00
21618218485.00
21443206244.00
20738374837.00
19700151277.00
20430655464.00
21228356102.00
21771854976.00
22140808131.00
21512663563.00
22314480729.00
21650101745.00
21067350333.00
20975746510.00
21309933509.00
21884693650.00
21962648912.00
20048001409.00
19550145619.00
18269672465.00
17679371238.00
17303936437.00
17056716320.00
17554802048.00
18336205193.00
17715810520.00
17968721686.00
18153341710.00
18059307825.00
17767982388.00
16610159101.00
15853751603.00
15916144530.00
16153432971.00
15826966999.00
15104539291.00
14664941990.00
13206031613.00
12817605011.00
10770617116.00
9915800455.00
8549541350.00
7534748438.00
6508476936.00
5917810436.00
5043201226.00
3045321528.00
859955953.00
78002954.00
11962449.00
7378955.00
5908627.00
1462748.00
126828.00
172605.00
171653.00
54077.00
3381.00
45660.00
116206.00
248672.00
86713.00
23971.00
6282.00
7507.00
13664.00
18095.00
12083.00
3074.00
1960.00
4755.00
18528.00
22504.00
6439.00
3985.00
9734.00
14429.00
18745.00
6424.00
7709.00
16541.00
10377.00
6156.00
13743.00
15110.00
4145.00
3524.00
2369.00
12252.00
20522.00
17108.00
15583.00
9248.00
1562.00
2195.00
1528.00
2065.00
3403.00
14090.00
91532.00
367553.00
36455085.00
4227844897.00
6680343586.00
7824344680.00
9469759146.00
9747066018.00
10017927407.00
10199837519.00
11328822306.00
12522236913.00
13407111011.00
13392707618.00
13511468897.00
13626143368.00
13566104719.00
13834764993.00
13733927245.00
13435285810.00
13648683675.00
13907312381.00
14228754774.00
14751975970.00
15075552865.00
15093557296.00
15420645303.00
15591107370.00
15572824644.00
15266418173.00
15409214314.00
15293315257.00
15719397288.00
16205004035.00
16482769838.00
16292604996.00
15969607383.00
15682118953.00
15686391251.00
16266476227.00
16541309882.00
15954037849.00
16050362882.00
15698678160.00
15426857504.00
15732792841.00
15638390370.00
15739792981.00
16379002509.00
16528879551.00
16473558008.00
16546478346.00
16361787198.00
15931871590.00
15248356780.00
15177250150.00
15083208641.00
15501487684.00
15465478234.00
14641762002.00
13785292816.00
13243715923.00
11852616669.00
10499804944.00
8919577674.00
7712267416.00
7408953103.00
7562197383.00
5412948524.00
2232052091.00
935255105.00
269312869.00
29059601.00
5192582.00
6032851.00
5253088.00
2948801.00
1770895.00
2358665.00
2503619.00
3056026.00
2516225.00
1470731.00
1258935.00
714001.00
549552.00
426377.00
253077.00
322475.00
349413.00
250012.00
202787.00
162080.00
267350.00
286453.00
202412.00
221843.00
266775.00
194076.00
119865.00
179612.00
291882.00
227605.00
235832.00
238716.00
95650.00
48856.00
24734.00
8137.00
7917.00
44361.00
56907.00
36655.00
64344.00
39979.00
30230.00
23561.00
13409.00
26017.00
30558.00
80228.00
48789.00
20418.00
47249.00
46228.00
51420.00
41551.00
44019.00
261082.00
27053458.00
4019379244.00
10759469065.00
13369910384.00
17920963806.00
21200525898.00
25218014529.00
32175832873.00
34944015966.00
33961002731.00
38728300256.00
43050540707.00
42107553296.00
44576735421.00
46764479701.00
44981845209.00
45546315142.00
44880437478.00
44571862982.00
42327520878.00
40468211379.00
39872498217.00
38795121511.00
37472259883.00
38466612797.00
38748179966.00
40776705299.00
38969801997.00
38397047224.00
35932772940.00
36241653753.00
33771700413.00
34327946347.00
31381034898.00
30433103442.00
29977395006.00
29998157103.00
30152095213.00
32873296446.00
31585276253.00
30277498449.00
28421074327.00
26993346437.00
26043080927.00
25992598697.00
26521321554.00
27251248244.00
26772135716.00
26250715567.00
26389489036.00
25916570188.00
27870424670.00
26694846234.00
26001383747.00
25302506801.00
24707161602.00
20414942019.00
16448849163.00
14816381172.00
13790741413.00
8818373565.00
2826814498.00
808365248.00
222405131.00
49723146.00
18787869.00
14572632.00
2749471.00
945068.00
436612.00
345499.00
158940.00
215302.00
250584.00
241237.00
126901.00
52075.00
33523.00
18690.00
31772.00
68781.00
98840.00
103928.00
117741.00
105138.00
140585.00
101969.00
86204.00
75380.00
30964.00
17040.00
10191.00
5711.00
11705.00
13998.00
21179.00
20063.00
35201.00
34786.00
35754.00
12600.00
4095.00
7972.00
14023.00
15479.00
16812.00
20760.00
52082.00
42904.00
22979.00
34231.00
23590.00
61409.00
28524.00
1944.00
28097.00
30183.00
4186.00
5804.00
7146.00
14673.00
14173.00
19725.00
28113.00
26492.00
29519.00
32881.00
33142.00
29037.00
10262.00
48859.00
48877.00
4610.00
4763.00
880.00
2785.00
1245.00
