11045282.00
9813601.00
15896986.00
8589893.00
8083065.00
6323733.00
10733712.00
7395540.00
5816943.00
9457639.00
16113784.00
6556175.00
90644693.00
140833260.00
349318704.00
537076504.00
714180802.00
782068227.00
706854532.00
1171427052.00
1254006219.00
1370440545.00
1495483311.00
1745736975.00
1562990918.00
2061693218.00
2193316725.00
2245357302.00
2118745783.00
2068657117.00
2585457545.00
2646934344.00
1820032263.00
1234597072.00
1386650886.00
1263323215.00
1149106414.00
741165172.00
551258987.00
317794793.00
178546110.00
228411586.00
92953350.00
39189776.00
25965460.00
46342396.00
27079984.00
16748760.00
18172931.00
10950344.00
20482226.00
23551010.00
14382646.00
18001538.00
17587243.00
22453157.00
255702341.00
504672654.00
1147923445.00
1030194555.00
907076427.00
491290864.00
271592851.00
316965607.00
158073794.00
387860689.00
944884615.00
1866337451.00
1959918927.00
1209970788.00
2109899779.00
2069266350.00
2318301532.00
1827361130.00
1718819645.00
1767474042.00
1302232122.00
486229615.00
488911084.00
321312844.00
279000408.00
418878721.00
218469893.00
138944419.00
55571780.00
169987265.00
56503007.00
71495241.00
31101373.00
30554213.00
18481080.00
16137157.00
16374757.00
8449850.00
6663139.00
6658760.00
62822031.00
114701667.00
237085714.00
165301515.00
161774327.00
264906774.00
245515695.00
346656691.00
318504396.00
227017467.00
351193289.00
207368191.00
379171627.00
374994669.00
384010934.00
482663406.00
260673067.00
419329032.00
280649003.00
230882404.00
322779578.00
198938653.00
342213745.00
251113603.00
261348362.00
280031055.00
236955408.00
328875137.00
175985942.00
302228191.00
225326952.00
210913726.00
174709628.00
148240618.00
159683759.00
75373017.00
102531337.00
52907688.00
24986202.00
18760101.00
17295192.00
16833328.00
11660370.00
25819130.00
388329957.00
682416379.00
653963782.00
604478428.00
715318490.00
799375303.00
567152698.00
449209002.00
181945673.00
132614670.00
49443578.00
25190416.00
28972821.00
171557388.00
519907149.00
430206753.00
613375464.00
596395461.00
525021657.00
818470629.00
652795587.00
772446435.00
619269077.00
588390050.00
804920748.00
603920548.00
523223345.00
348098277.00
499191694.00
315751882.00
307437825.00
104092302.00
112696100.00
89232708.00
43770087.00
34508615.00
14512914.00
8167534.00
10463055.00
13644426.00
5447419.00
5560601.00
6051339.00
3845706.00
6584924.00
5550798.00
4298859.00
5045756.00
4752894.00
3473328.00
5539686.00
7309212.00
29500987.00
12378306.00
8435255.00
11963047.00
3571798.00
4301278.00
32328221.00
234368938.00
300427010.00
274415759.00
138755261.00
92968344.00
116701518.00
257431159.00
584128159.00
861617989.00
1297397946.00
1804301852.00
2599317852.00
1510622516.00
1837915935.00
1583192037.00
903213138.00
392083766.00
630097439.00
2986642032.00
3068963151.00
2609658121.00
2251748630.00
1837394923.00
1464019605.00
899290237.00
757347530.00
1333795772.00
1824122051.00
2083597647.00
2516003157.00
2483181423.00
2128772080.00
698376446.00
337454854.00
127345891.00
28514757.00
48890392.00
112064265.00
71782711.00
70026688.00
22880678.00
5958589.00
7504408.00
9186985.00
10350775.00
5484473.00
9038619.00
4724540.00
5697604.00
8157102.00
4556708.00
6587302.00
4164884.00
4839883.00
2363544.00
2384389.00
3440762.00
2350165.00
4588677.00
4334819.00
4958361.00
3549169.00
3866823.00
1870105.00
4914642.00
3861938.00
4821756.00
2470079.00
2967827.00
7723767.00
4250045.00
3123517.00
4263120.00
4364748.00
7723223.00
3537939.00
4003093.00
8302928.00
128000344.00
88819704.00
204564542.00
208472884.00
221640587.00
228943060.00
212820044.00
190146387.00
139184541.00
150997157.00
131916504.00
127149177.00
90474608.00
52880961.00
72656743.00
26642640.00
13597650.00
7473472.00
9241377.00
9934626.00
8602641.00
7815960.00
15254620.00
5652694.00
7683590.00
8918722.00
4044389.00
7194547.00
6574154.00
3181489.00
7708049.00
4214055.00
3539203.00
3614321.00
4894209.00
6776968.00
3356365.00
3783205.00
5958083.00
3218598.00
4797107.00
36393106.00
286757793.00
394597092.00
398173357.00
210193455.00
307546714.00
286727332.00
359002327.00
325195821.00
339910527.00
181184710.00
205480811.00
124696900.00
199241169.00
203183308.00
297329956.00
265626382.00
152663028.00
131967484.00
111284751.00
55741702.00
23782759.00
8086430.00
8889289.00
8152813.00
5970522.00
8448937.00
5376222.00
4198320.00
2889017.00
2724429.00
2777267.00
3105162.00
8041525.00
4741275.00
29909639.00
24555361.00
12743711.00
10681042.00
13461538.00
92531766.00
46819763.00
90373908.00
69565115.00
180013754.00
456874368.00
361583826.00
500593878.00
317907564.00
316364807.00
190010826.00
134572695.00
383305632.00
422608722.00
409988808.00
373196531.00
612518511.00
865978054.00
644079612.00
706854226.00
764697859.00
455001374.00
302240742.00
162494928.00
126232278.00
82158928.00
94000789.00
180939365.00
222066522.00
138249437.00
219858014.00
189831786.00
99955006.00
62218971.00
19368548.00
37901436.00
11284521.00
6415771.00
4319316.00
6150307.00
5820752.00
5550084.00
5139723.00
6409673.00
3298917.00
4531305.00
3685015.00
3491274.00
2719689.00
7477348.00
41153798.00
95585776.00
137859884.00
108662739.00
121502479.00
152582305.00
123460202.00
172257885.00
365338640.00
402977722.00
628162515.00
786700819.00
435338058.00
268559397.00
271598477.00
398600539.00
90846751.00
111975058.00
53469475.00
30081161.00
20125085.00
11911446.00
6629361.00
50984932.00
30199990.00
19056322.00
12943024.00
8665741.00
21410292.00
115577612.00
158004902.00
72193765.00
102208920.00
59984773.00
72251445.00
126211461.00
69409550.00
70886399.00
61810334.00
54519202.00
43161066.00
27389726.00
24547203.00
25578571.00
18905919.00
19561556.00
25107603.00
13282325.00
13475781.00
13843661.00
8650251.00
3890687.00
7002289.00
3809216.00
5785198.00
4569227.00
4085706.00
4462802.00
5258189.00
4434083.00
2980961.00
4132576.00
5552531.00
4227905.00
5358279.00
2444770.00
3767936.00
3095965.00
2225385.00
3103708.00
2809721.00
4095302.00
4081788.00
5801197.00
3094029.00
4058827.00
4764485.00
4926559.00
4283530.00
6361206.00
7036241.00
3595727.00
6108125.00
4585955.00
6522913.00
4832528.00
3928197.00
4076219.00
3752900.00
4646769.00
4200594.00
2170602.00
2668605.00
3263563.00
4698737.00
4860267.00
4159670.00
2385657.00
5429362.00
2206729.00
4065936.00
4153142.00
4124458.00
4649591.00
4126375.00
3175713.00
4498749.00
2837097.00
4088380.00
3361919.00
4072197.00
4687767.00
4311273.00
4855930.00
2892512.00
3980444.00
2685211.00
4012987.00
4529515.00
4511119.00
3633602.00
3586471.00
4376083.00
3869461.00
2802293.00
4499681.00
3527858.00
1432768.00
