1055515.00
404288.00
291246.00
281338.00
260905.00
275071.00
269244.00
264807.00
270524.00
279195.00
178313.00
4823.00
3983.00
4488.00
4652.00
3897.00
3945.00
4087.00
4259.00
4263.00
4334.00
3804.00
4399.00
4418.00
4283.00
3647.00
4563.00
20214.00
382515333.00
306786015.00
487841116.00
561231125.00
1163283759.00
1554486394.00
1632587392.00
1162702523.00
1913360341.00
943826534.00
568679984.00
207251097.00
497956081.00
9366891177.00
10125075912.00
9828708559.00
5950643079.00
5881631687.00
4539831126.00
258827991.00
176028556.00
358856733.00
2114711703.00
3081499849.00
1177370705.00
844527733.00
664948680.00
423099288.00
71049963.00
15146141.00
11258320.00
22467980.00
175295721.00
161727117.00
104944568.00
82270162.00
120798384.00
242768724.00
505049131.00
506527335.00
557185389.00
742872370.00
891596885.00
246167704.00
68141585.00
101593128.00
190577335.00
214420039.00
211639142.00
960497274.00
3310963924.00
2517228610.00
1587932273.00
229014053.00
262516540.00
2733718940.00
3961869908.00
3945186598.00
2806469856.00
1852830747.00
1807415189.00
1506306769.00
1059420404.00
704631426.00
521113343.00
425064652.00
1107255892.00
2405411049.00
2894724433.00
2572306440.00
2360075521.00
2061833251.00
2173332374.00
1789675072.00
1109771578.00
848427999.00
251825682.00
39355949.00
13192490.00
8400299.00
6276040.00
7981954.00
6541088.00
4376643.00
6377866.00
4277044.00
5335931.00
91156464.00
307722919.00
29720052.00
12966181.00
10707687.00
7428586.00
10924830.00
10187340.00
13510754.00
16903303.00
21247132.00
25874661.00
22554143.00
17812660.00
21186572.00
20505212.00
11242192.00
8006834.00
7461967.00
6079448.00
6925392.00
4554105.00
5159832.00
5920089.00
4784019.00
6328701.00
4242745.00
6635230.00
6205004.00
5845902.00
6590592.00
3957553.00
5279761.00
6375263.00
5307362.00
6117447.00
4447721.00
5826240.00
6014747.00
6900849.00
11630878.00
29953793.00
58231990.00
98456343.00
311295635.00
494139848.00
1436543634.00
10232124934.00
13254837635.00
7736865816.00
385216561.00
121743335.00
51287631.00
45842848.00
120294273.00
1111899864.00
1946013428.00
3414892512.00
2248239147.00
134660912.00
105138555.00
449434054.00
1504561824.00
308458519.00
477814115.00
342884206.00
1945482632.00
480345745.00
7197977697.00
23775796817.00
15929886557.00
20308240197.00
11179052853.00
3623383339.00
6162999828.00
2327367170.00
1569362029.00
750013005.00
524697913.00
39426526.00
45363224.00
20033865.00
7980489.00
12023546.00
6618880.00
5976402.00
6734621.00
4621224.00
6787746.00
5768673.00
5546871.00
5528282.00
5973132.00
3702860.00
6883080.00
5659982.00
2895539.00
