3875010.00
4705363.00
978252.00
1643378.00
2886134.00
2375657.00
2240411.00
597439.00
546953.00
414342.00
747709.00
633218.00
407017.00
395624.00
777213.00
415400.00
423430.00
751323.00
1101613.00
2660124.00
901112.00
463414.00
591768.00
3164468.00
39082256.00
2099071536.00
6653640716.00
8542993727.00
9033578289.00
10231284264.00
17680963947.00
18811364820.00
18710140200.00
14979538273.00
8274374490.00
1948098309.00
481417714.00
365386593.00
282548422.00
128279180.00
552329562.00
6266655726.00
9820164971.00
7319252532.00
8052646821.00
9473897436.00
5921691813.00
6552107937.00
4559405525.00
3004966683.00
497735735.00
104303310.00
47918478.00
132046680.00
94569154.00
99157476.00
27178688.00
1688871774.00
5842115658.00
3992983013.00
2561390341.00
2984895304.00
2098994633.00
1443328727.00
1397419318.00
1663560884.00
993106319.00
204944212.00
36315380.00
43880159.00
889595527.00
2762767070.00
5617853942.00
5244972070.00
5833813474.00
4405909671.00
5460888175.00
6648082204.00
2166159466.00
434219282.00
140104398.00
77964110.00
19621052.00
27375650.00
681410235.00
5301562935.00
4051850785.00
2893077065.00
3179047559.00
6577752160.00
8629342467.00
8831216100.00
5616529132.00
779503007.00
178898926.00
219290886.00
392709265.00
474384619.00
4214944875.00
5204416822.00
5480170477.00
3239760395.00
3014080911.00
4354273725.00
5423151614.00
7135716298.00
6409599038.00
2898351743.00
1603065099.00
2462107848.00
2113835365.00
2756951945.00
3352458461.00
3476183381.00
3401898124.00
4061099616.00
1455340622.00
285357540.00
196427218.00
217081702.00
412323844.00
656177506.00
671963724.00
878248941.00
1472784375.00
1490986622.00
1839353885.00
2076660718.00
962907848.00
500467805.00
66503507.00
36034461.00
23652815.00
17284762.00
131683003.00
834685011.00
841018536.00
960227005.00
802829418.00
294017756.00
67605224.00
21660373.00
16572856.00
5265903.00
4918731.00
2309484671.00
5987179156.00
3388289485.00
4345514706.00
5000747199.00
7625240360.00
2084158011.00
1537036876.00
1303185599.00
282747355.00
33546765.00
20384137.00
27414664.00
9345740.00
7064435.00
1989455.00
1480672.00
927392.00
940085.00
925114.00
637883.00
691405.00
414031.00
413895.00
920698.00
605905.00
833255.00
769788.00
966463.00
791855.00
754085.00
424994.00
878097.00
695961.00
388158.00
778840.00
1031447.00
356005.00
366313.00
699383.00
617041.00
1068393.00
1036038.00
1314946.00
1279939.00
1234728.00
