25213887.00
26098551.00
22459466.00
20370355.00
27679054.00
25627159.00
15002245.00
20884022.00
20023448.00
22779112.00
30573677.00
15583374.00
23454517.00
12810083.00
22242707.00
12891961.00
12249655.00
25100114.00
21495532.00
24735162.00
23313919.00
22207855.00
38016657.00
20904857.00
16423650.00
31471278.00
17851814.00
25068045.00
22255035.00
16078872.00
21868239.00
15730689.00
14852624.00
19425253.00
16657336.00
16977743.00
13755469.00
16760904.00
16181924.00
10282993.00
19970469.00
11440582.00
16529773.00
12646054.00
13029580.00
23854366.00
22794971.00
18781781.00
30585352.00
30863765.00
16469934.00
15804385.00
13868251.00
17415881.00
16176704.00
11160445.00
13481331.00
15078107.00
83768466.00
390018075.00
1331473134.00
3524479924.00
14589641877.00
41326187305.00
28356801336.00
13634844286.00
9035335901.00
9586435526.00
18959428757.00
17913522507.00
19503352647.00
20765253806.00
14209504927.00
10196501990.00
1913173436.00
877101919.00
344288944.00
184558780.00
211338963.00
468292269.00
849279872.00
1958219501.00
3051311138.00
7582419389.00
7100364247.00
10406113895.00
5477449670.00
6835072322.00
5740385997.00
6791193767.00
4570861201.00
1275101971.00
139631134.00
57678318.00
70623555.00
43633514.00
60810275.00
76687362.00
87800874.00
98400111.00
39744756.00
1261766033.00
6044354382.00
6636647074.00
5406758889.00
4593169030.00
3534661238.00
3264679373.00
2706460027.00
2469110265.00
3957934241.00
4083214728.00
1332728276.00
550025514.00
1994474555.00
3996662314.00
13729273104.00
12939684326.00
17856072940.00
14859518725.00
6276365222.00
4979417610.00
1343619764.00
359972599.00
153543828.00
159972995.00
209306645.00
117458455.00
236169991.00
3112803727.00
5081412260.00
4838239223.00
5846564394.00
7935773304.00
9389801660.00
10832544029.00
7302608421.00
13560751912.00
19205297075.00
25560182414.00
23756773105.00
18446926036.00
22504521052.00
30412985275.00
12126353192.00
4872172300.00
1832433669.00
372646436.00
117520403.00
161954701.00
125222829.00
150807677.00
104646921.00
82726893.00
334835040.00
2677827467.00
8860059001.00
16384116276.00
18111319444.00
15018353638.00
19066148965.00
8358572712.00
3521647897.00
4700060575.00
5535688495.00
3877298875.00
1250943831.00
852248021.00
305033593.00
271753022.00
250215136.00
609004771.00
1572834120.00
4263831100.00
9355406007.00
15632366209.00
21070515933.00
20040182080.00
19548246411.00
16390204686.00
12756240228.00
12451974232.00
3400043191.00
1099365119.00
242925895.00
77357201.00
71080145.00
37226179.00
34881236.00
30196738.00
22300324.00
23031110.00
17048654.00
14352778.00
19147783.00
22655070.00
26459362.00
24124260.00
12562545.00
14237141.00
11210512.00
14396956.00
12702046.00
11854339.00
17236322.00
15092268.00
7723499.00
6481076.00
6425653.00
6662086.00
7645445.00
15853348.00
22009786.00
17062310.00
8424137.00
10592029.00
