154770.00
165068.00
164141.00
187905.00
164615.00
193385.00
175012.00
164018.00
178920.00
157589.00
163263.00
159670.00
143591.00
167489.00
145171.00
148947.00
167849.00
186779.00
186330.00
184312.00
161755.00
162321.00
178319.00
167762.00
169904.00
156714.00
181068.00
165046.00
165619.00
169856.00
169798.00
169962.00
167922.00
173616.00
172790.00
164575.00
214240.00
182465.00
174252.00
165162.00
170724.00
187930.00
154567.00
170836.00
7479766.00
3447941.00
29074735.00
39165309.00
28650149.00
64728959.00
3739862814.00
8375262358.00
9025722013.00
11909593208.00
8482141499.00
3955915137.00
3687451577.00
4536282391.00
4279812608.00
5582969714.00
5516884531.00
5157528490.00
4808033307.00
4329639858.00
3667083094.00
3646717610.00
5138586330.00
5581807858.00
7557310238.00
16544024314.00
21271540931.00
15300974181.00
15181167845.00
9544684930.00
10323234153.00
7380307978.00
4866992959.00
2426731660.00
212107924.00
157180923.00
871751469.00
4349662888.00
5246949729.00
3687108185.00
3435421346.00
3814427675.00
2255399992.00
1235188484.00
303038866.00
51985686.00
20548552.00
55064304.00
221579849.00
149498668.00
719461576.00
11066025201.00
19966317943.00
21327600752.00
17899140481.00
15479503765.00
5445826452.00
845336082.00
260000807.00
56783149.00
34019417.00
30788597.00
18974388.00
488689084.00
5439088420.00
6724415325.00
6393379084.00
4669898063.00
2826144914.00
3605378536.00
3133715773.00
982541365.00
77819389.00
95451833.00
1820269161.00
5106741573.00
9343164898.00
8992651575.00
4485838286.00
847840609.00
34188713.00
94118878.00
1547709377.00
4703589234.00
7438349470.00
6414141178.00
7811607608.00
4829643563.00
3035655129.00
1304446321.00
126185332.00
39304751.00
269984926.00
4969344976.00
6527756730.00
5753088407.00
4138069342.00
3935496504.00
3691417894.00
2448177192.00
2357700212.00
1931639950.00
2907051178.00
3390527875.00
6112510670.00
6027471265.00
6113071978.00
8260138863.00
13928172057.00
19549953105.00
20141627197.00
12588192326.00
7541161202.00
2470129634.00
355844415.00
107565198.00
25959232.00
46394458.00
292618853.00
425712131.00
250781518.00
3829857835.00
8178991226.00
8902884748.00
8574334936.00
5885266104.00
1952146702.00
1281445115.00
1143836726.00
1952322295.00
4246490223.00
8647620830.00
5393734858.00
6886794730.00
6576097247.00
4634433894.00
3554690856.00
3616998803.00
2352787408.00
1758125387.00
1844181081.00
1077941400.00
580144384.00
541539336.00
1078507518.00
1873311929.00
3645105461.00
4177612106.00
1966418591.00
625952547.00
333759070.00
1906173380.00
13513178593.00
19962741808.00
10893538022.00
8617589396.00
6773599696.00
2540306518.00
466662497.00
207547276.00
123995094.00
517457976.00
5438703249.00
6601491433.00
6024712652.00
7123220204.00
4703235498.00
4124307322.00
1919533379.00
1149854067.00
1080394270.00
1100303607.00
672745844.00
164363321.00
68589090.00
73926839.00
202060210.00
495129605.00
857507015.00
1075002557.00
1134366671.00
1206742359.00
538102428.00
229588622.00
96224748.00
92006137.00
89267183.00
54023647.00
59188934.00
27674927.00
981258988.00
1855955958.00
2725793772.00
3094336555.00
2392875962.00
1969149750.00
942018106.00
343961148.00
54814363.00
21161574.00
5701532.00
24417477.00
150150237.00
3302521020.00
4906255042.00
7937085773.00
8762116358.00
9756329714.00
7752373551.00
4668575180.00
2402950711.00
1663425002.00
559191502.00
74205396.00
62708762.00
77467379.00
33030510.00
19692619.00
171402641.00
681751281.00
547142634.00
152466981.00
37709442.00
9561925.00
4167132.00
1014968775.00
2695111866.00
1686192791.00
1678020768.00
1782589748.00
2919108802.00
4591861026.00
3694089697.00
1377958295.00
81395945.00
15273774.00
74301996.00
698969442.00
55937391.00
64786589.00
56797701.00
178566215.00
969683755.00
1042276904.00
1291282869.00
658265453.00
260529378.00
54693938.00
31977549.00
14766875.00
3886217.00
1015404.00
1015712.00
588740.00
553014.00
795991.00
596583.00
513590.00
579843.00
537292.00
870869.00
990088.00
1763529.00
1448628.00
1002244.00
1649009.00
1057588.00
907327.00
792288.00
667285.00
761346.00
754080.00
728533.00
768252.00
661890.00
623557.00
539399.00
577618.00
559289.00
785185.00
807327.00
645964.00
340306.00
537496.00
479905.00
579372.00
538803.00
1095549.00
983314.00
2382093.00
993045.00
737016.00
2955222.00
1048596.00
935859.00
956818.00
838220.00
439725.00
345366.00
