848445.00
715407.00
533186.00
831615.00
880869.00
1003405.00
942554.00
1025758.00
936079.00
782881.00
648502.00
634137.00
897399.00
953065.00
695456.00
877276.00
812976.00
646720.00
1117604.00
831362.00
667720.00
672434.00
984021.00
1004128.00
687364.00
748569.00
7997204.00
706718.00
902597.00
982341.00
801170.00
812728.00
651052.00
1035365.00
1030321.00
1813518.00
1973808.00
1940464.00
651845.00
815764.00
1036612.00
1119455.00
1020896.00
1069158.00
1036834.00
910747.00
744159.00
1282538.00
1190135.00
1154813.00
1955408.00
1026882204.00
7415752068.00
16747500112.00
11597487277.00
8176232407.00
4670783295.00
3995972039.00
932684004.00
260589629.00
389328196.00
359924463.00
346433895.00
373208270.00
227640286.00
108763124.00
5551726739.00
16701833241.00
12898255354.00
17637604009.00
11314926996.00
1679285494.00
111400463.00
12432495.00
45039839.00
84475664.00
149427501.00
121920053.00
138044237.00
3128757914.00
13123834314.00
14905731729.00
8598140757.00
7760722636.00
2520992433.00
1674355240.00
855570930.00
403161569.00
90161472.00
64847422.00
30304939.00
14322194.00
141823038.00
232670234.00
123151458.00
231236883.00
342090918.00
175184098.00
274579929.00
106509220.00
44661157.00
1670051246.00
1984128707.00
1546927320.00
2352776926.00
2400606600.00
1771975481.00
1733025272.00
1048624533.00
809224254.00
747605209.00
531533694.00
428673381.00
169030528.00
9191980.00
464678917.00
240178781.00
7961071802.00
17789658484.00
20769309882.00
12029140671.00
5137320091.00
3906317322.00
303729429.00
348239522.00
271870876.00
636971006.00
2390828.00
1959547.00
3099115.00
2321820.00
795713.00
794931.00
520031.00
692355.00
569292.00
554096.00
398772.00
770522.00
910493.00
1583512.00
1813874.00
1891950.00
1786925.00
1424730.00
1277258.00
758320.00
906287.00
672977.00
608096.00
736102.00
634794.00
655618.00
556184.00
717898.00
576096.00
650752.00
583938.00
39024214.00
1044328482.00
7558476990.00
6886776694.00
4020284724.00
831799271.00
592583714.00
324178104.00
292158674.00
246370701.00
184212320.00
141943616.00
60240379.00
121977029.00
514251845.00
565170510.00
822681357.00
662035964.00
449303334.00
149191567.00
598743360.00
2733707636.00
3101869976.00
1895873657.00
1203908237.00
850153055.00
609431682.00
498538554.00
277541849.00
120003349.00
85715414.00
152238868.00
264282803.00
344223542.00
231642214.00
309509546.00
106954631.00
631868978.00
1952907941.00
1456839404.00
459943946.00
3155702.00
1954787.00
108790967.00
53523047.00
205706545.00
355180833.00
373934772.00
5632565367.00
3489942861.00
5523008241.00
651168037.00
43845965.00
9253271.00
304149626.00
3384163792.00
1882869263.00
1652907153.00
735945446.00
667205305.00
164466625.00
172308879.00
173578155.00
401084118.00
843960653.00
1486781272.00
1117596260.00
87185445.00
3270811.00
1329167.00
179714266.00
43157877.00
1047853892.00
845834616.00
219399702.00
89423738.00
32366659.00
17589490.00
19810248.00
2160619.00
737217.00
669645.00
586150.00
20860754.00
488874229.00
1044123595.00
311600785.00
214257829.00
129251603.00
33138993.00
138984610.00
687422419.00
554266530.00
408258615.00
458971483.00
187010145.00
96792145.00
35861223.00
53273058.00
284346043.00
448339245.00
377573678.00
289161204.00
172035065.00
2013430276.00
2531883732.00
401481647.00
167077677.00
55381259.00
15987910.00
9079965.00
934083.00
723175.00
775514.00
608992.00
550991.00
650648.00
586350.00
615730.00
668893.00
497548.00
475413.00
494452.00
427936.00
546018.00
540581.00
507473.00
453954.00
824152.00
621859.00
603909.00
684419.00
568816.00
513717.00
673217.00
421669.00
746894.00
498754.00
722403.00
408173.00
430120.00
592110.00
502170.00
512394.00
688168.00
703843.00
672834.00
726890.00
456026.00
569978.00
607496.00
430829.00
462310.00
595879.00
519282.00
599412.00
533423.00
472878.00
676913.00
542883.00
623395.00
686093.00
667769.00
514652.00
569589.00
536929.00
627620.00
723222.00
684030.00
564808.00
