2607866.00
3037595.00
1515983.00
2470643.00
2061398.00
3262538.00
1548989.00
3136405.00
2508967.00
13068851.00
2342675.00
2627455.00
2077432.00
5322015.00
10881373.00
5041886.00
7087591.00
7780753.00
17220009.00
16222020.00
35132309.00
31060118.00
20755375.00
11562924.00
3450909.00
2641339.00
3056630.00
2594853.00
224531005.00
2478225026.00
6053686885.00
9132182200.00
8010910823.00
10496219037.00
10375645968.00
8440588324.00
9909790394.00
7996179903.00
10360481136.00
7364395925.00
5321927120.00
8322016162.00
9466428629.00
7916565541.00
10393777552.00
9643089746.00
7955368701.00
7410789430.00
3581293727.00
3297711959.00
2692701668.00
928093098.00
128668046.00
47235356.00
23420020.00
23894450.00
23884092.00
6206231657.00
12652516758.00
10719379293.00
5042179822.00
3005667375.00
3244262638.00
3628959438.00
2217549070.00
1582895706.00
724896897.00
120150836.00
140061795.00
2828829105.00
2889976666.00
1532926456.00
359202405.00
47464022.00
20236214.00
20733055.00
24938953.00
6662504705.00
8546693070.00
14214818773.00
16498423417.00
13714227059.00
11386764342.00
9545505218.00
3331969226.00
739552316.00
372168727.00
69744086.00
29935736.00
27916424.00
25770872.00
22152255.00
20630438.00
886590013.00
1643773047.00
1531524933.00
670177729.00
290049367.00
307204879.00
78759282.00
126742312.00
102437967.00
49365682.00
99556900.00
143633864.00
218622604.00
31881909.00
29658050.00
10765460.00
9179130.00
33067293.00
210660036.00
2949991726.00
4283505420.00
3033751242.00
1588680486.00
2169475757.00
2234760691.00
2566334243.00
2915779710.00
2867737621.00
2120144472.00
1027087565.00
202593623.00
84799850.00
58151642.00
52456953.00
1795207475.00
2098967020.00
2030281763.00
1304303967.00
1005586989.00
442294415.00
291949732.00
227043670.00
93209370.00
92171855.00
562440005.00
1095936634.00
718185292.00
502349416.00
561407998.00
390099773.00
120424324.00
9392035.00
20817708.00
11436591.00
82291055.00
76732623.00
331708305.00
2141654479.00
6952925119.00
5761485919.00
3377418327.00
2096126813.00
1964439091.00
1296052796.00
1429294279.00
1088494846.00
396309881.00
177329174.00
54063848.00
8046265.00
5090810.00
4399085.00
3653797.00
3398640.00
4168480.00
3636178.00
2659443.00
2946633.00
2736627.00
2323031.00
2051792.00
2631445.00
2215478.00
2696969.00
2249093.00
2189780.00
2396275.00
2546251.00
2771701.00
1872309.00
2800402.00
2037667.00
3045270.00
2516906.00
1385645.00
