0.04296875
0.10156250
0.04687500
0.10937500
0.05078125
0.01171875
0.01171875
0.07421875
0.10156250
0.08203125
0.01171875
0.03906250
0.07812500
0.04296875
0.03125000
0.07812500
0.07421875
0.10156250
0.02734375
0.03515625
0.19140625
0.11328125
0.28125000
0.19140625
0.11328125
0.08203125
0.12109375
0.01562500
0.04296875
0.04687500
0.02343750
0.03515625
0.03125000
0.02343750
0.06250000
0.03515625
0.07812500
0.04296875
0.00390625
0.03515625
0.01953125
0.00781250
0.00781250
0.05859375
0.04296875
0.05859375
0.04296875
0.00781250
0.03906250
0.05078125
0.03125000
0.01562500
0.11328125
0.18750000
0.24218750
0.06250000
0.05859375
0.13671875
0.09765625
0.18750000
0.11328125
0.14843750
0.21875000
0.08593750
0.16015625
0.12109375
0.08593750
0.10156250
0.15234375
0.14062500
0.26953125
0.15234375
0.21093750
0.18359375
0.22265625
0.17578125
0.19921875
0.24218750
0.21484375
0.22656250
0.11718750
0.11718750
0.13671875
0.21093750
0.21093750
0.17578125
0.36328125
0.53125000
0.56250000
0.69531250
0.57031250
0.75390625
0.75000000
0.33203125
0.07812500
0.08593750
0.03906250
0.03906250
0.03515625
0.04687500
0.05859375
0.05078125
0.21484375
0.34765625
0.26562500
0.24609375
0.26953125
0.09375000
0.15234375
0.12890625
0.11718750
0.13281250
0.10937500
0.10937500
0.15625000
0.61718750
0.51562500
0.06250000
0.12500000
0.10546875
0.12500000
0.09765625
0.07421875
0.03906250
0.03515625
0.04687500
0.04296875
0.37890625
0.71093750
0.75781250
0.76171875
0.68359375
0.60156250
0.11328125
0.05859375
0.02734375
0.02734375
0.02343750
0.04296875
0.21484375
0.51171875
0.31250000
0.05078125
0.12500000
0.07031250
0.07031250
0.08593750
0.08593750
0.10546875
0.07421875
0.09375000
0.05468750
0.05468750
0.06640625
0.08203125
0.08203125
0.10156250
0.10546875
0.11718750
0.10546875
0.10156250
0.10156250
0.10546875
0.07421875
0.12109375
0.11718750
0.10156250
0.08203125
0.12500000
0.12890625
0.17578125
0.08593750
