0.06640625
0.05859375
0.09765625
0.07031250
0.04687500
0.04296875
0.03515625
0.04687500
0.05078125
0.07421875
0.03125000
0.05078125
0.13671875
0.11328125
0.07031250
0.07421875
0.10937500
0.05468750
0.01171875
0.01171875
0.04687500
0.06250000
0.05859375
0.21484375
0.38671875
0.09765625
0.05859375
0.05468750
0.06250000
0.07031250
0.03515625
0.03906250
0.03906250
0.03906250
0.03906250
0.03906250
0.03515625
0.03906250
0.03906250
0.03906250
0.05078125
0.09375000
0.12890625
0.19921875
0.18750000
0.17187500
0.21484375
0.15625000
0.14453125
0.11328125
0.11718750
0.11328125
0.12890625
0.40625000
0.47656250
0.42578125
0.33984375
0.10546875
0.05468750
0.06640625
0.09375000
0.09375000
0.13671875
0.05468750
0.03906250
0.02734375
0.03125000
0.02734375
0.03906250
0.05859375
0.05468750
0.07421875
0.05859375
0.06250000
0.07031250
0.07421875
0.08593750
0.07812500
0.06250000
0.06250000
0.05859375
0.07031250
0.08203125
0.09765625
0.05468750
0.06640625
0.06640625
0.06640625
0.03125000
0.03515625
0.03515625
0.03515625
0.03515625
0.08203125
0.25390625
0.43359375
0.43750000
0.17968750
0.10156250
0.11328125
0.10156250
0.08203125
0.05078125
0.03515625
0.03515625
0.03515625
0.03515625
0.03515625
0.03125000
0.03515625
0.03906250
0.07421875
0.08203125
0.09765625
0.10937500
0.08593750
0.07421875
0.06250000
0.06640625
0.06640625
0.08593750
0.04296875
0.05078125
0.05078125
0.05468750
0.08203125
0.07812500
0.03906250
0.02343750
0.02734375
0.08203125
0.08203125
0.05078125
0.03125000
0.05859375
0.05468750
0.06250000
0.07812500
0.07421875
0.06250000
0.08203125
0.10546875
0.10156250
0.12109375
0.07812500
0.05468750
0.07421875
0.08593750
0.10156250
0.10546875
0.09765625
0.08593750
0.08984375
0.10937500
0.07812500
0.16015625
0.07031250
0.07812500
0.09375000
0.08203125
0.09375000
0.07812500
0.05859375
0.07421875
0.04687500
0.01171875
0.04296875
0.06640625
0.02734375
0.15625000
0.05078125
0.06250000
0.03515625
0.06640625
0.09375000
0.05078125
0.08203125
0.07031250
0.08203125
0.08593750
0.11718750
0.10546875
0.14843750
0.14062500
0.09375000
0.19140625
0.15625000
0.16015625
0.13671875
0.17187500
0.11328125
