0.08984375
0.07421875
0.06640625
0.07812500
0.07812500
0.05078125
0.06640625
0.08984375
0.07812500
0.08203125
0.05468750
0.07812500
0.08203125
0.05859375
0.07031250
0.07812500
0.06640625
0.07031250
0.08593750
0.07031250
0.06250000
0.05078125
0.05468750
0.06250000
0.06640625
0.07812500
0.04687500
0.05859375
0.07421875
0.06250000
0.08593750
0.07031250
0.11718750
0.06640625
0.08203125
0.07421875
0.07421875
0.07812500
0.04296875
0.08984375
0.06250000
0.09375000
0.06250000
0.10937500
0.11328125
0.05078125
0.08203125
0.06640625
0.02343750
0.03906250
0.07812500
0.05859375
0.08593750
0.07031250
0.08203125
0.08593750
0.06640625
0.07031250
0.05468750
0.05859375
0.02734375
0.06640625
0.08203125
0.05078125
0.05859375
0.10937500
0.08984375
0.08203125
0.07421875
0.07031250
0.06640625
0.08593750
0.06250000
0.05468750
0.07421875
0.05859375
0.03906250
0.09375000
0.08593750
0.09765625
0.07812500
0.11328125
0.10546875
0.08984375
0.09765625
0.12500000
0.12890625
0.11718750
0.11328125
0.10546875
0.09375000
0.07031250
0.16406250
0.21875000
0.22265625
0.37890625
0.23046875
0.23828125
0.11328125
0.16015625
0.11718750
0.07812500
0.03515625
0.04687500
0.02343750
0.02343750
0.02343750
0.02734375
0.02734375
0.02343750
0.02343750
0.02343750
0.03515625
0.03515625
0.03906250
0.05859375
0.07812500
0.09765625
0.05859375
0.06250000
0.07031250
0.09375000
0.12890625
0.14062500
0.14062500
0.12890625
0.12109375
0.10937500
0.08203125
0.05468750
0.05859375
0.05468750
0.04687500
0.04296875
0.07031250
0.06640625
0.04687500
0.05859375
0.07031250
0.05859375
0.04687500
0.06640625
0.06250000
0.06640625
0.07031250
0.07031250
0.06250000
0.05859375
0.24218750
0.21484375
0.23828125
0.32421875
0.23828125
0.24218750
0.13671875
0.05859375
0.05859375
0.07031250
0.08593750
0.11718750
0.06640625
0.06250000
0.07812500
0.04687500
0.05468750
0.04296875
0.04296875
0.05468750
0.07031250
0.07421875
0.06250000
0.07421875
0.10156250
0.06250000
0.06640625
0.05078125
0.05468750
0.07031250
0.07812500
0.07031250
0.08593750
0.08203125
0.08593750
0.08203125
0.08593750
0.07812500
0.08203125
0.07421875
0.08984375
0.10156250
0.07812500
0.08593750
0.06640625
0.08593750
0.10546875
0.05468750
0.08593750
0.07421875
0.08593750
0.08203125
0.10546875
0.09765625
0.10546875
0.08593750
0.08203125
0.07031250
0.07812500
0.08984375
0.11328125
0.08593750
0.08984375
0.05859375
0.05859375
0.08984375
0.07031250
0.04687500
