0.16796875
0.17578125
0.23046875
0.19531250
0.18359375
0.14453125
0.16796875
0.15234375
0.15625000
0.17968750
0.22656250
0.18750000
0.16015625
0.17968750
0.23046875
0.18750000
0.19531250
0.16796875
0.15234375
0.16406250
0.14062500
0.16015625
0.16796875
0.13671875
0.17187500
0.16796875
0.25000000
0.22265625
0.21484375
0.14453125
0.17578125
0.13671875
0.14453125
0.17187500
0.14453125
0.23437500
0.19531250
0.20703125
0.17187500
0.16015625
0.16015625
0.14843750
0.16406250
0.12500000
0.12500000
0.14453125
0.16015625
0.17187500
0.17187500
0.12890625
0.14843750
0.17968750
0.11718750
0.07031250
0.07812500
0.04687500
0.05468750
0.05468750
0.03906250
0.03906250
0.11328125
0.15234375
0.12890625
0.14062500
0.13281250
0.12109375
0.07812500
0.07812500
0.08984375
0.08593750
0.09375000
0.08593750
0.08203125
0.07421875
0.10937500
0.08984375
0.12109375
0.11328125
0.10937500
0.09375000
0.09375000
0.10546875
0.10546875
0.10546875
0.08203125
0.08984375
0.08203125
0.05859375
0.03515625
0.05468750
0.12890625
0.29296875
0.35546875
0.35546875
0.34375000
0.35156250
0.37890625
0.32031250
0.28515625
0.26953125
0.26171875
0.07421875
0.10546875
0.08593750
0.04296875
0.03906250
0.03125000
0.04296875
0.03906250
0.03515625
0.03515625
0.03906250
0.03515625
0.03125000
0.06250000
0.28515625
0.27343750
0.10546875
0.07812500
0.10546875
0.09375000
0.10937500
0.10937500
0.10546875
0.11328125
0.07812500
0.10546875
0.14843750
0.12109375
0.09765625
0.15625000
0.12500000
0.18750000
0.16796875
0.14453125
0.18359375
0.16015625
0.21875000
0.15625000
0.18359375
0.13671875
0.16406250
0.15234375
0.14843750
0.15234375
0.15234375
0.19140625
0.14453125
0.20312500
0.21093750
0.15625000
0.12890625
0.17578125
0.19921875
0.19531250
0.17968750
0.16796875
0.17187500
0.12109375
0.09375000
0.08984375
0.08593750
0.08593750
0.08984375
0.10546875
0.07812500
0.06250000
0.07812500
0.05859375
0.06640625
0.08593750
0.27734375
0.30078125
0.29296875
0.30468750
0.33984375
0.32421875
0.23046875
0.14453125
0.08593750
0.09375000
0.09765625
0.08593750
0.08593750
0.07421875
0.05468750
0.05468750
0.07031250
0.23437500
0.28125000
0.33984375
0.31250000
0.28906250
0.29687500
0.29296875
0.17578125
0.07812500
0.08203125
0.08593750
0.14062500
0.12890625
0.18359375
0.14062500
0.11718750
0.12890625
0.10156250
0.10937500
0.11718750
0.08984375
0.06250000
0.04687500
0.08984375
0.08984375
0.07031250
0.07812500
0.07421875
0.09375000
0.05859375
0.08984375
0.09375000
0.07812500
0.05859375
0.05859375
0.05468750
0.08984375
0.07421875
0.07031250
0.16796875
0.21875000
0.17187500
0.08203125
0.08203125
0.07421875
0.04687500
0.05078125
0.08984375
0.04296875
0.14453125
0.17578125
0.17968750
0.16015625
0.13281250
0.21875000
0.29296875
0.35156250
0.35546875
0.33203125
0.37109375
0.18750000
0.10937500
0.12500000
0.06250000
0.03906250
0.05859375
0.10156250
0.12109375
0.11328125
0.12500000
0.13281250
0.13281250
0.13281250
0.11718750
0.09765625
0.08593750
0.09375000
0.10546875
0.09375000
0.09765625
0.12109375
0.19921875
0.17187500
0.18750000
0.19921875
0.17187500
0.16406250
0.16796875
0.18750000
0.17968750
0.15625000
0.20703125
0.17187500
0.20312500
0.20312500
0.16406250
0.17578125
0.21484375
0.16015625
0.18750000
0.19921875
0.17187500
0.18359375
0.16406250
0.15234375
0.16796875
0.15234375
0.19921875
0.14843750
0.19140625
0.21875000
0.17578125
0.19140625
0.19140625
0.16796875
0.20312500
0.16406250
0.18359375
0.12500000
0.22265625
0.17187500
0.19531250
0.21484375
0.13281250
0.17578125
0.14843750
0.17187500
0.19531250
0.14062500
0.14062500
0.15625000
0.17578125
0.17968750
0.18750000
0.19140625
0.20312500
0.17968750
0.16796875
0.19531250
0.14453125
